T(K)	T(°C)	p(Pa)
700.0	426.9	2.48e-47
705.0	431.9	6.51e-47
710.0	436.9	1.69e-46
715.0	441.9	4.32e-46
720.0	446.9	1.09e-45
725.0	451.9	2.72e-45
730.0	456.9	6.71e-45
735.0	461.9	1.63e-44
740.0	466.9	3.92e-44
745.0	471.9	9.32e-44
750.0	476.9	2.19e-43
755.0	481.9	5.08e-43
760.0	486.9	1.17e-42
765.0	491.9	2.65e-42
770.0	496.9	5.96e-42
775.0	501.9	1.33e-41
780.0	506.9	2.92e-41
785.0	511.9	6.36e-41
790.0	516.9	1.37e-40
795.0	521.9	2.94e-40
800.0	526.9	6.22e-40
805.0	531.9	1.30e-39
810.0	536.9	2.71e-39
815.0	541.9	5.58e-39
820.0	546.9	1.14e-38
825.0	551.9	2.31e-38
830.0	556.9	4.63e-38
835.0	561.9	9.22e-38
840.0	566.9	1.82e-37
845.0	571.9	3.57e-37
850.0	576.9	6.93e-37
855.0	581.9	1.34e-36
860.0	586.9	2.56e-36
865.0	591.9	4.85e-36
870.0	596.9	9.15e-36
875.0	601.9	1.71e-35
880.0	606.9	3.18e-35
885.0	611.9	5.87e-35
890.0	616.9	1.08e-34
895.0	621.9	1.96e-34
900.0	626.9	3.54e-34
905.0	631.9	6.36e-34
910.0	636.9	1.13e-33
915.0	641.9	2.01e-33
920.0	646.9	3.55e-33
925.0	651.9	6.21e-33
930.0	656.9	1.08e-32
935.0	661.9	1.87e-32
940.0	666.9	3.22e-32
945.0	671.9	5.51e-32
950.0	676.9	9.38e-32
955.0	681.9	1.59e-31
960.0	686.9	2.67e-31
965.0	691.9	4.47e-31
970.0	696.9	7.44e-31
975.0	701.9	1.23e-30
980.0	706.9	2.03e-30
985.0	711.9	3.33e-30
990.0	716.9	5.43e-30
995.0	721.9	8.81e-30
1000	726.9	1.42e-29
1005	731.9	2.29e-29
1010	736.9	3.66e-29
1015	741.9	5.83e-29
1020	746.9	9.24e-29
1025	751.9	1.46e-28
1030	756.9	2.29e-28
1035	761.9	3.59e-28
1040	766.9	5.59e-28
1045	771.9	8.66e-28
1050	776.9	1.34e-27
1055	781.9	2.06e-27
1060	786.9	3.15e-27
1065	791.9	4.81e-27
1070	796.9	7.32e-27
1075	801.9	1.11e-26
1080	806.9	1.67e-26
1085	811.9	2.51e-26
1090	816.9	3.76e-26
1095	821.9	5.60e-26
1100	826.9	8.33e-26
1105	831.9	1.23e-25
1110	836.9	1.82e-25
1115	841.9	2.67e-25
1120	846.9	3.92e-25
1125	851.9	5.72e-25
1130	856.9	8.33e-25
1135	861.9	1.21e-24
1140	866.9	1.75e-24
1145	871.9	2.52e-24
1150	876.9	3.62e-24
1155	881.9	5.18e-24
1160	886.9	7.40e-24
1165	891.9	1.05e-23
1170	896.9	1.49e-23
1175	901.9	2.11e-23
1180	906.9	2.98e-23
1185	911.9	4.19e-23
1190	916.9	5.88e-23
1195	921.9	8.23e-23
1200	926.9	1.15e-22
1205	931.9	1.60e-22
1210	936.9	2.21e-22
1215	941.9	3.06e-22
1220	946.9	4.23e-22
1225	951.9	5.81e-22
1230	956.9	7.98e-22
1235	961.9	1.09e-21
1240	966.9	1.49e-21
1245	971.9	2.03e-21
1250	976.9	2.76e-21
1255	981.9	3.74e-21
1260	986.9	5.06e-21
1265	991.9	6.83e-21
1270	996.9	9.19e-21
1275	1002	1.23e-20
1280	1007	1.65e-20
1285	1012	2.21e-20
1290	1017	2.94e-20
1295	1022	3.92e-20
1300	1027	5.20e-20
1305	1032	6.89e-20
1310	1037	9.11e-20
1315	1042	1.20e-19
1320	1047	1.58e-19
1325	1052	2.08e-19
1330	1057	2.72e-19
1335	1062	3.56e-19
1340	1067	4.65e-19
1345	1072	6.06e-19
1350	1077	7.88e-19
1355	1082	1.02e-18
1360	1087	1.33e-18
1365	1092	1.71e-18
1370	1097	2.21e-18
1375	1102	2.85e-18
1380	1107	3.66e-18
1385	1112	4.70e-18
1390	1117	6.03e-18
1395	1122	7.71e-18
1400	1127	9.84e-18
1405	1132	1.25e-17
1410	1137	1.60e-17
1415	1142	2.03e-17
1420	1147	2.57e-17
1425	1152	3.25e-17
1430	1157	4.11e-17
1435	1162	5.19e-17
1440	1167	6.53e-17
1445	1172	8.22e-17
1450	1177	1.03e-16
1455	1182	1.29e-16
1460	1187	1.62e-16
1465	1192	2.02e-16
1470	1197	2.53e-16
1475	1202	3.15e-16
1480	1207	3.92e-16
1485	1212	4.87e-16
1490	1217	6.04e-16
1495	1222	7.48e-16
1500	1227	9.25e-16
1505	1232	1.14e-15
1510	1237	1.41e-15
1515	1242	1.74e-15
1520	1247	2.14e-15
1525	1252	2.63e-15
1530	1257	3.22e-15
1535	1262	3.95e-15
1540	1267	4.83e-15
1545	1272	5.90e-15
1550	1277	7.20e-15
1555	1282	8.78e-15
1560	1287	1.07e-14
1565	1292	1.30e-14
1570	1297	1.58e-14
1575	1302	1.91e-14
1580	1307	2.32e-14
1585	1312	2.80e-14
1590	1317	3.39e-14
1595	1322	4.09e-14
1600	1327	4.93e-14
1605	1332	5.94e-14
1610	1337	7.14e-14
1615	1342	8.58e-14
1620	1347	1.03e-13
1625	1352	1.23e-13
1630	1357	1.48e-13
1635	1362	1.77e-13
1640	1367	2.11e-13
1645	1372	2.52e-13
1650	1377	3.00e-13
1655	1382	3.58e-13
1660	1387	4.26e-13
1665	1392	5.06e-13
1670	1397	6.01e-13
1675	1402	7.12e-13
1680	1407	8.44e-13
1685	1412	9.99e-13
1690	1417	1.18e-12
1695	1422	1.39e-12
1700	1427	1.65e-12
1705	1432	1.94e-12
1710	1437	2.29e-12
1715	1442	2.69e-12
1720	1447	3.16e-12
1725	1452	3.71e-12
1730	1457	4.36e-12
1735	1462	5.11e-12
1740	1467	5.98e-12
1745	1472	7.00e-12
1750	1477	8.18e-12
1755	1482	9.56e-12
1760	1487	1.12e-11
1765	1492	1.30e-11
1770	1497	1.52e-11
1775	1502	1.76e-11
1780	1507	2.05e-11
1785	1512	2.38e-11
1790	1517	2.77e-11
1795	1522	3.21e-11
1800	1527	3.72e-11
1805	1532	4.31e-11
1810	1537	4.99e-11
1815	1542	5.77e-11
1820	1547	6.66e-11
1825	1552	7.69e-11
1830	1557	8.87e-11
1835	1562	1.02e-10
1840	1567	1.18e-10
1845	1572	1.36e-10
1850	1577	1.56e-10
1855	1582	1.79e-10
1860	1587	2.06e-10
1865	1592	2.36e-10
1870	1597	2.71e-10
1875	1602	3.10e-10
1880	1607	3.55e-10
1885	1612	4.06e-10
1890	1617	4.64e-10
1895	1622	5.31e-10
1900	1627	6.06e-10
1905	1632	6.91e-10
1910	1637	7.88e-10
1915	1642	8.98e-10
1920	1647	1.02e-9
1925	1652	1.16e-9
1930	1657	1.32e-9
1935	1662	1.50e-9
1940	1667	1.71e-9
1945	1672	1.94e-9
1950	1677	2.20e-9
1955	1682	2.49e-9
1960	1687	2.82e-9
1965	1692	3.19e-9
1970	1697	3.61e-9
1975	1702	4.08e-9
1980	1707	4.61e-9
1985	1712	5.20e-9
1990	1717	5.87e-9
1995	1722	6.62e-9
2000	1727	7.46e-9
2005	1732	8.40e-9
2010	1737	9.46e-9
2015	1742	1.06e-8
2020	1747	1.20e-8
2025	1752	1.34e-8
2030	1757	1.51e-8
2035	1762	1.69e-8
2040	1767	1.90e-8
2045	1772	2.13e-8
2050	1777	2.39e-8
2055	1782	2.68e-8
2060	1787	2.99e-8
2065	1792	3.35e-8
2070	1797	3.75e-8
2075	1802	4.19e-8
2080	1807	4.67e-8
2085	1812	5.22e-8
2090	1817	5.82e-8
2095	1822	6.49e-8
2100	1827	7.24e-8
2105	1832	8.06e-8
2110	1837	8.97e-8
2115	1842	9.99e-8
2120	1847	1.11e-7
2125	1852	1.23e-7
2130	1857	1.37e-7
2135	1862	1.52e-7
2140	1867	1.69e-7
2145	1872	1.88e-7
2150	1877	2.08e-7
2155	1882	2.31e-7
2160	1887	2.56e-7
2165	1892	2.83e-7
2170	1897	3.13e-7
2175	1902	3.47e-7
2180	1907	3.83e-7
2185	1912	4.24e-7
2190	1917	4.68e-7
2195	1922	5.17e-7
2200	1927	5.71e-7
2205	1932	6.30e-7
2210	1937	6.94e-7
2215	1942	7.66e-7
2220	1947	8.43e-7
2225	1952	9.29e-7
2230	1957	1.02e-6
2235	1962	1.13e-6
2240	1967	1.24e-6
2245	1972	1.36e-6
2250	1977	1.50e-6
2255	1982	1.64e-6
2260	1987	1.80e-6
2265	1992	1.98e-6
2270	1997	2.17e-6
2275	2002	2.38e-6
2280	2007	2.61e-6
2285	2012	2.86e-6
2290	2017	3.14e-6
2295	2022	3.44e-6
2300	2027	3.76e-6
2305	2032	4.12e-6
2310	2037	4.50e-6
2315	2042	4.92e-6
2320	2047	5.38e-6
2325	2052	5.88e-6
2330	2057	6.42e-6
2335	2062	7.00e-6
2340	2067	7.64e-6
2345	2072	8.34e-6
2350	2077	9.09e-6
2355	2082	9.91e-6
2360	2087	1.08e-5
2365	2092	1.18e-5
2370	2097	1.28e-5
2375	2102	1.39e-5
2380	2107	1.52e-5
2385	2112	1.65e-5
2390	2117	1.79e-5
2395	2122	1.95e-5
2400	2127	2.12e-5
2405	2132	2.30e-5
2410	2137	2.50e-5
2415	2142	2.71e-5
2420	2147	2.94e-5
2425	2152	3.19e-5
2430	2157	3.46e-5
2435	2162	3.75e-5
2440	2167	4.07e-5
2445	2172	4.40e-5
2450	2177	4.77e-5
2455	2182	5.16e-5
2460	2187	5.59e-5
2465	2192	6.04e-5
2470	2197	6.54e-5
2475	2202	7.07e-5
2480	2207	7.64e-5
2485	2212	8.25e-5
2490	2217	8.92e-5
2495	2222	9.63e-5
2500	2227	1.04e-4
2505	2232	1.12e-4
2510	2237	1.21e-4
2515	2242	1.30e-4
2520	2247	1.41e-4
2525	2252	1.52e-4
2530	2257	1.63e-4
2535	2262	1.76e-4
2540	2267	1.90e-4
2545	2272	2.04e-4
2550	2277	2.20e-4
2555	2282	2.36e-4
2560	2287	2.54e-4
2565	2292	2.73e-4
2570	2297	2.94e-4
2575	2302	3.16e-4
2580	2307	3.39e-4
2585	2312	3.65e-4
2590	2317	3.91e-4
2595	2322	4.20e-4
2600	2327	4.51e-4
2605	2332	4.84e-4
2610	2337	5.19e-4
2615	2342	5.57e-4
2620	2347	5.97e-4
2625	2352	6.40e-4
2630	2357	6.86e-4
2635	2362	7.34e-4
2640	2367	7.87e-4
2645	2372	8.42e-4
2650	2377	9.01e-4
2655	2382	9.65e-4
2660	2387	1.03e-3
2665	2392	1.10e-3
2670	2397	1.18e-3
2675	2402	1.26e-3
2680	2407	1.35e-3
2685	2412	1.44e-3
2690	2417	1.54e-3
2695	2422	1.64e-3
2700	2427	1.76e-3
2705	2432	1.87e-3
2710	2437	2.00e-3
2715	2442	2.13e-3
2720	2447	2.28e-3
2725	2452	2.43e-3
2730	2457	2.59e-3
2735	2462	2.76e-3
2740	2467	2.94e-3
2745	2472	3.13e-3
2750	2477	3.34e-3
2755	2482	3.56e-3
2760	2487	3.79e-3
2765	2492	4.03e-3
2770	2497	4.29e-3
2775	2502	4.56e-3
2780	2507	4.85e-3
2785	2512	5.16e-3
2790	2517	5.49e-3
2795	2522	5.84e-3
2800	2527	6.20e-3
2805	2532	6.59e-3
2810	2537	7.00e-3
2815	2542	7.44e-3
2820	2547	7.90e-3
2825	2552	8.39e-3
2830	2557	8.90e-3
2835	2562	9.45e-3
2840	2567	0.0100
2845	2572	0.0106
2850	2577	0.0113
2855	2582	0.0120
2860	2587	0.0127
2865	2592	0.0134
2870	2597	0.0142
2875	2602	0.0151
2880	2607	0.0160
2885	2612	0.0169
2890	2617	0.0179
2895	2622	0.0190
2900	2627	0.0201
2905	2632	0.0213
2910	2637	0.0225
2915	2642	0.0238
2920	2647	0.0252
2925	2652	0.0266
2930	2657	0.0281
2935	2662	0.0297
2940	2667	0.0314
2945	2672	0.0332
2950	2677	0.0351
2955	2682	0.0371
2960	2687	0.0391
2965	2692	0.0413
2970	2697	0.0436
2975	2702	0.0460
2980	2707	0.0486
2985	2712	0.0513
2990	2717	0.0541
2995	2722	0.0570
3000	2727	0.0602
3005	2732	0.0634
3010	2737	0.0669
3015	2742	0.0705
3020	2747	0.0743
3025	2752	0.0782
3030	2757	0.0824
3035	2762	0.0868
3040	2767	0.0914
3045	2772	0.0963
3050	2777	0.101
3055	2782	0.107
3060	2787	0.112
3065	2792	0.118
3070	2797	0.124
3075	2802	0.131
3080	2807	0.137
3085	2812	0.145
3090	2817	0.152
3095	2822	0.160
3100	2827	0.168
3105	2832	0.176
3110	2837	0.185
3115	2842	0.195
3120	2847	0.204
3125	2852	0.215
3130	2857	0.225
3135	2862	0.237
3140	2867	0.248
3145	2872	0.261
3150	2877	0.274
3155	2882	0.287
3160	2887	0.301
3165	2892	0.316
3170	2897	0.331
3175	2902	0.347
3180	2907	0.364
3185	2912	0.382
3190	2917	0.400
3195	2922	0.419
3200	2927	0.439
3205	2932	0.460
3210	2937	0.482
3215	2942	0.505
3220	2947	0.529
3225	2952	0.553
3230	2957	0.579
3235	2962	0.606
3240	2967	0.635
3245	2972	0.664
3250	2977	0.695
3255	2982	0.727
3260	2987	0.760
3265	2992	0.795
3270	2997	0.786
3275	3002	0.820
3280	3007	0.856
3285	3012	0.893
3290	3017	0.932
3295	3022	0.972
3300	3027	1.01
3305	3032	1.06
3310	3037	1.10
3315	3042	1.15
3320	3047	1.20
3325	3052	1.25
3330	3057	1.30
3335	3062	1.36
3340	3067	1.41
3345	3072	1.47
3350	3077	1.53
3355	3082	1.60
3360	3087	1.66
3365	3092	1.73
3370	3097	1.80
3375	3102	1.88
3380	3107	1.95
3385	3112	2.03
3390	3117	2.12
3395	3122	2.20
3400	3127	2.29
3405	3132	2.38
3410	3137	2.48
3415	3142	2.58
3420	3147	2.68
3425	3152	2.79
3430	3157	2.90
3435	3162	3.01
3440	3167	3.13
3445	3172	3.26
3450	3177	3.38
3455	3182	3.52
3460	3187	3.65
3465	3192	3.79
3470	3197	3.94
3475	3202	4.09
3480	3207	4.25
3485	3212	4.42
3490	3217	4.58
3495	3222	4.76
3500	3227	4.94
3505	3232	5.13
3510	3237	5.32
3515	3242	5.52
3520	3247	5.73
3525	3252	5.95
3530	3257	6.17
3535	3262	6.40
3540	3267	6.64
3545	3272	6.89
3550	3277	7.14
3555	3282	7.40
3560	3287	7.68
3565	3292	7.96
3570	3297	8.25
3575	3302	8.55
3580	3307	8.86
3585	3312	9.18
3590	3317	9.52
3595	3322	9.86
3600	3327	10.2
3605	3332	10.6
3610	3337	11.0
3615	3342	11.3
3620	3347	11.8
3625	3352	12.2
3630	3357	12.6
3635	3362	13.0
3640	3367	13.5
3645	3372	14.0
3650	3377	14.5
3655	3382	15.0
3660	3387	15.5
3665	3392	16.0
3670	3397	16.6
3675	3402	17.2
3680	3407	17.7
3685	3412	18.4
3690	3417	19.0
3695	3422	19.6
3700	3427	20.3
3705	3432	21.0
3710	3437	21.7
3715	3442	22.4
3720	3447	23.2
3725	3452	24.0
3730	3457	24.8
3735	3462	25.6
3740	3467	26.4
3745	3472	27.3
3750	3477	28.2
3755	3482	29.2
3760	3487	30.1
3765	3492	31.1
3770	3497	32.1
3775	3502	33.2
3780	3507	34.3
3785	3512	35.4
3790	3517	36.5
3795	3522	37.7
3800	3527	38.9
3805	3532	40.2
3810	3537	41.4
3815	3542	42.8
3820	3547	44.1
3825	3552	45.5
3830	3557	47.0
3835	3562	48.5
3840	3567	50.0
3845	3572	51.6
3850	3577	53.2
3855	3582	54.9
3860	3587	56.6
3865	3592	58.3
3870	3597	60.1
3875	3602	62.0
3880	3607	63.9
3885	3612	65.9
3890	3617	67.9
3895	3622	70.0
3900	3627	72.1
3905	3632	74.3
3910	3637	76.6
3915	3642	78.9
3920	3647	81.3
3925	3652	83.8
3930	3657	86.3
3935	3662	88.9
3940	3667	91.5
3945	3672	94.3
3950	3677	97.1
3955	3682	100
3960	3687	103
3965	3692	106
3970	3697	109
3975	3702	112
3980	3707	116
3985	3712	119
3990	3717	122
3995	3722	126
4000	3727	130
